DECODER 1 - SORT

Instance: instances/cvrp30-0-df-0.json
Sol: 2 4 7 3 10 1 6 8 11 14 12 13 16 17 15 25 23 18 27 29 30 19 20 26 21 28 22 24 5 9 
FO: 159.72157
Best time: 0.866
Total time:2.003 


Instance: instances/cvrp30-0-pa-0.json
Sol: 2 4 9 8 5 6 7 3 1 30 25 16 21 14 19 15 11 24 18 13 26 28 17 22 10 29 27 12 23 20 
FO: 80.96566
Best time: 1.565
Total time:2.002 


Instance: instances/cvrp30-0-rj-0.json
Sol: 8 2 23 14 24 11 27 12 9 25 6 18 10 21 22 7 26 1 13 17 30 16 3 19 20 4 15 28 29 5 
FO: 11.40415
Best time: 1.348
Total time:2.000 


Instance: instances/cvrp30-1-df-0.json
Sol: 21 1 25 13 2 23 11 16 10 19 17 9 14 6 20 24 3 8 30 27 12 7 5 4 29 18 22 28 26 15 
FO: 11.56131
Best time: 0.443
Total time:2.000 


Instance: instances/cvrp30-1-pa-0.json
Sol: 23 28 26 30 20 22 24 29 25 21 19 17 27 18 11 13 10 1 15 12 9 5 8 6 4 2 16 14 7 3 
FO: 27.94874
Best time: 0.688
Total time:2.001 


Instance: instances/cvrp30-1-rj-0.json
Sol: 22 12 2 4 15 8 1 29 14 17 26 10 16 19 20 23 24 25 11 13 21 28 9 18 7 30 5 3 27 6 
FO: 12.39805
Best time: 1.436
Total time:2.004 


Instance: instances/cvrp30-2-df-0.json
Sol: 30 23 11 15 8 1 25 26 12 29 18 28 13 2 21 14 27 20 4 7 10 9 19 22 3 24 6 5 16 17 
FO: 31.57417
Best time: 1.993
Total time:2.001 


Instance: instances/cvrp30-2-rj-0.json
Sol: 6 13 11 8 20 1 27 29 16 7 22 19 18 21 28 14 12 17 3 26 24 15 30 9 4 10 23 2 25 5 
FO: 36.33554
Best time: 0.808
Total time:2.001 


Instance: instances/cvrp30-3-rj-0.json
Sol: 22 11 5 17 2 27 8 26 23 21 20 1 4 29 7 6 9 10 13 3 24 12 18 16 14 25 15 28 30 19 
FO: 6.35038
Best time: 0.494
Total time:2.001 


Instance: instances/cvrp30-4-rj-0.json
Sol: 18 6 7 11 21 26 14 2 9 16 28 10 15 30 12 1 3 4 20 17 27 5 23 13 22 24 29 8 25 19 
FO: 5.33527
Best time: 1.976
Total time:2.002 


Instance: instances/cvrp30-5-rj-0.json
Sol: 16 12 17 25 21 5 27 11 8 2 30 24 4 28 15 23 9 3 19 14 26 1 13 7 20 10 29 22 18 6 
FO: 7.16227
Best time: 0.968
Total time:2.001 


Instance: instances/cvrp60-0-df-1.json
Sol: 43 25 44 27 38 50 21 22 20 49 52 42 32 46 48 26 45 23 1 19 3 11 18 15 8 17 9 6 16 4 7 59 31 34 53 37 30 36 29 58 51 57 39 40 35 56 55 41 54 24 60 47 33 28 2 14 5 12 10 13 
FO: 161.94447
Best time: 1.704
Total time:2.002 


Instance: instances/cvrp60-0-pa-1.json
Sol: 32 24 12 18 22 11 25 31 23 2 1 4 3 6 5 52 51 30 10 20 33 34 14 8 21 27 7 26 29 19 13 28 17 9 15 16 49 59 43 56 58 53 57 47 38 54 60 40 39 36 55 35 37 41 48 46 45 42 44 50 
FO: 96.79895
Best time: 1.647
Total time:2.004 


Instance: instances/cvrp60-0-rj-1.json
Sol: 57 28 39 7 44 1 5 10 3 21 14 47 26 35 24 23 18 38 56 27 32 48 49 11 4 17 16 54 22 31 20 9 42 59 8 43 13 53 30 2 52 37 6 25 45 34 33 29 19 46 15 50 12 36 40 58 41 60 55 51 
FO: 19.08697
Best time: 1.893
Total time:2.004 


Instance: instances/cvrp60-1-df-1.json
Sol: 58 57 60 59 56 55 6 40 14 8 32 54 15 43 30 33 10 52 18 49 34 11 24 4 51 35 25 37 41 47 39 1 17 29 12 9 45 22 20 16 46 27 2 13 42 26 3 5 21 48 53 44 31 7 38 28 50 23 36 19 
FO: 34.44930
Best time: 1.351
Total time:2.007 


Instance: instances/cvrp60-1-pa-1.json
Sol: 58 45 42 39 17 14 9 2 12 6 11 1 3 7 15 48 47 51 37 52 50 41 44 35 33 24 22 25 20 23 21 26 27 19 4 18 10 13 8 5 16 59 38 34 29 32 31 28 36 30 60 54 49 57 56 53 46 43 55 40 
FO: 94.28950
Best time: 1.884
Total time:2.008 


Instance: instances/cvrp60-1-rj-1.json
Sol: 24 56 26 40 45 47 33 12 34 17 8 32 51 10 48 50 43 13 44 5 2 28 7 14 9 39 21 46 20 22 53 36 59 52 4 57 23 15 49 37 29 16 38 55 11 58 6 27 41 42 54 35 60 3 1 18 19 31 30 25 
FO: 23.60618
Best time: 2.000
Total time:2.003 


Instance: instances/cvrp60-2-df-1.json
Sol: 13 23 12 41 36 2 14 25 33 9 37 31 16 15 59 50 54 48 51 60 49 47 56 46 20 22 5 38 44 8 18 27 19 28 6 11 29 10 39 7 17 21 30 24 40 32 1 3 4 42 43 34 35 26 55 57 52 45 53 58 
FO: 106.95387
Best time: 1.987
Total time:2.007 


Instance: instances/cvrp60-2-rj-1.json
Sol: 2 24 42 23 55 17 57 46 16 13 49 39 22 43 1 56 33 41 48 8 26 47 4 52 51 38 29 53 5 18 19 10 58 31 32 60 11 14 59 34 21 37 20 6 28 45 40 35 54 3 15 25 7 27 44 50 30 9 12 36 
FO: 80.98699
Best time: 1.963
Total time:2.001 


Instance: instances/cvrp60-3-rj-1.json
Sol: 50 33 46 32 59 45 38 42 55 44 48 58 3 17 31 1 40 22 21 12 60 37 19 7 39 2 18 43 23 6 8 15 51 5 28 34 14 56 10 57 30 24 29 35 54 20 53 26 16 4 13 11 36 25 49 41 47 27 9 52 
FO: 11.58674
Best time: 1.993
Total time:2.012 


Instance: instances/cvrp60-4-rj-1.json
Sol: 51 59 58 52 16 26 22 36 31 37 54 49 60 34 15 14 41 7 2 35 9 23 25 19 10 5 50 48 24 45 56 43 55 29 33 42 30 8 47 20 53 44 57 17 13 6 38 12 27 28 39 21 3 46 32 1 40 11 18 4 
FO: 10.59678
Best time: 1.994
Total time:2.003 


Instance: instances/cvrp60-5-rj-1.json
Sol: 38 55 15 13 3 45 40 25 49 41 30 59 1 36 24 33 19 44 12 37 11 2 7 10 57 21 4 54 35 53 39 42 48 50 8 17 58 29 5 52 60 46 14 20 18 31 43 34 22 47 28 9 23 16 56 32 26 27 6 51 
FO: 14.37276
Best time: 1.899
Total time:2.001 


Instance: instances/cvrp90-0-df-2.json
Sol: 64 55 60 67 57 46 7 5 12 25 18 27 21 17 29 20 26 39 80 87 75 88 89 81 77 78 11 13 70 41 51 56 49 44 30 74 9 4 15 79 76 86 23 19 16 28 24 22 54 50 45 66 62 73 38 36 71 52 53 42 10 8 63 33 61 48 35 31 68 47 37 65 69 58 32 40 2 6 14 3 1 34 59 43 72 90 83 85 82 84 
FO: 488.78962
Best time: 1.704
Total time:2.002 


Instance: instances/cvrp90-0-pa-2.json
Sol: 60 44 62 45 56 26 11 27 37 24 25 12 70 43 46 74 77 71 51 42 40 32 39 53 48 61 73 68 76 65 58 57 59 49 47 75 69 67 50 36 20 85 89 84 87 90 81 86 80 88 82 83 38 15 63 72 64 52 54 55 31 19 41 13 23 22 17 18 16 21 33 35 30 66 78 79 14 28 10 34 29 4 6 2 3 8 9 7 1 5 
FO: 131.57940
Best time: 1.901
Total time:2.001 


Instance: instances/cvrp90-0-rj-2.json
Sol: 72 8 28 40 38 19 75 23 90 32 3 31 84 39 53 46 9 45 27 79 13 4 10 34 55 43 83 1 6 20 85 25 89 87 7 47 15 82 65 74 11 33 86 44 42 80 88 35 41 68 63 5 64 77 78 36 2 71 21 17 22 58 81 70 66 69 18 73 24 52 29 51 60 59 67 48 12 16 54 37 30 76 50 57 14 26 62 61 56 49 
FO: 33.51755
Best time: 1.987
Total time:2.014 


Instance: instances/cvrp90-1-df-2.json
Sol: 15 56 27 30 47 33 11 16 4 53 22 50 14 9 19 45 17 18 48 54 36 12 58 55 7 49 57 28 37 24 5 8 62 66 83 60 61 79 90 88 69 89 64 80 81 84 85 76 63 71 87 73 77 74 68 78 75 70 72 67 65 82 86 1 2 59 32 39 6 51 3 13 46 20 52 34 35 25 23 31 43 21 40 38 44 26 10 42 41 29 
FO: 49.94240
Best time: 1.949
Total time:2.007 


Instance: instances/cvrp90-1-pa-2.json
Sol: 65 87 80 68 79 16 6 19 12 3 5 2 10 7 1 15 76 67 70 78 84 72 89 66 74 83 88 50 58 60 54 62 48 73 69 4 17 9 13 59 53 63 56 46 43 44 45 51 55 57 47 29 30 33 41 37 22 26 75 90 82 64 85 77 81 14 18 11 8 31 28 25 38 36 24 39 40 32 20 21 35 34 23 42 27 71 86 52 49 61 
FO: 163.95762
Best time: 1.999
Total time:2.001 


Instance: instances/cvrp90-1-rj-2.json
Sol: 7 17 25 8 66 1 21 32 79 4 58 49 44 82 22 62 27 11 87 52 70 40 15 47 83 23 51 74 14 61 41 88 31 43 63 86 6 37 84 69 57 77 75 67 85 36 33 12 71 3 5 38 54 13 26 18 2 89 53 19 90 78 45 16 42 59 76 48 80 39 28 35 50 55 65 81 34 73 68 24 60 72 10 20 30 29 9 56 64 46 
FO: 35.85577
Best time: 1.873
Total time:2.005 


Instance: instances/cvrp90-2-df-2.json
Sol: 63 87 52 62 75 81 76 68 67 80 83 49 50 40 4 10 38 32 31 17 59 74 55 58 56 57 72 47 34 24 35 21 18 15 28 20 3 6 22 12 29 19 7 2 37 1 16 42 41 39 33 84 90 66 53 60 73 54 69 70 85 51 71 46 89 44 79 86 77 48 64 45 61 43 82 78 65 88 5 27 26 23 36 11 13 25 14 8 9 30 
FO: 201.91202
Best time: 1.949
Total time:2.007 


Instance: instances/cvrp90-2-rj-2.json
Sol: 75 48 30 41 36 54 23 26 12 82 6 33 40 47 52 4 53 46 37 51 43 13 19 28 61 85 22 16 89 88 71 56 7 8 67 84 11 5 38 18 68 39 72 24 50 2 86 14 45 3 49 62 44 76 10 1 34 81 32 60 74 69 73 17 27 70 78 59 66 21 42 31 63 79 64 87 57 80 20 29 9 58 25 90 83 35 65 15 55 77 
FO: 129.40063
Best time: 1.999
Total time:2.002 


Instance: instances/cvrp90-3-rj-2.json
Sol: 1 33 59 23 38 74 63 16 68 55 11 78 28 80 71 8 66 6 51 84 3 89 49 9 32 86 52 57 27 37 61 7 62 25 56 69 30 19 22 58 85 64 48 39 35 83 72 44 47 70 34 4 31 12 81 5 24 18 10 2 67 42 41 14 13 54 43 46 45 76 88 60 29 26 75 21 40 17 82 50 77 90 15 79 20 65 36 87 53 73 
FO: 21.43856
Best time: 1.963
Total time:2.008 


Instance: instances/cvrp90-4-rj-2.json
Sol: 67 15 85 57 14 8 38 68 52 78 59 86 82 24 31 2 47 72 80 11 71 17 21 18 42 37 22 25 50 77 74 27 46 69 81 76 13 28 62 66 48 36 10 84 70 12 16 34 44 40 39 33 51 1 20 29 53 3 6 56 54 43 79 73 60 90 63 88 26 32 5 55 35 30 89 9 64 61 7 87 65 83 45 4 19 49 75 23 58 41 
FO: 19.53934
Best time: 1.986
Total time:2.008 


Instance: instances/cvrp90-5-rj-2.json
Sol: 46 3 59 37 40 66 83 10 81 14 53 1 20 79 62 6 17 50 4 70 12 23 52 77 84 13 36 85 27 64 72 32 45 42 67 57 54 56 71 65 9 34 38 60 8 5 25 89 11 73 75 68 2 30 28 41 18 49 48 43 19 33 47 86 31 90 87 21 58 69 88 74 63 80 29 82 35 7 26 16 44 55 22 15 39 51 24 76 78 61 
FO: 27.61914
Best time: 1.973
Total time:2.002 


Instance: instances/cvrp120-0-df-3.json
Sol: 55 43 37 42 67 4 14 15 7 6 91 85 80 103 107 95 87 110 120 19 24 74 75 22 41 23 13 86 61 29 48 79 34 60 2 88 102 109 113 16 18 17 21 20 76 31 59 45 58 62 8 118 93 101 97 108 112 100 111 52 25 27 68 71 65 11 5 47 28 66 70 73 57 33 10 1 119 99 104 94 117 92 84 115 96 114 83 90 106 82 116 98 105 81 89 3 12 9 72 36 44 64 26 63 32 54 78 77 53 69 35 50 46 38 30 51 39 56 49 40 
FO: 477.98154
Best time: 1.880
Total time:2.004 


Instance: instances/cvrp120-0-pa-3.json
Sol: 33 65 44 32 59 71 89 82 91 88 86 93 97 96 8 26 111 67 50 104 100 119 4 3 105 101 102 1 2 117 35 63 47 20 90 30 18 12 62 39 60 19 27 28 68 83 94 95 74 79 120 25 17 23 11 7 9 70 48 6 54 61 64 72 5 14 22 13 112 110 116 15 31 81 87 85 80 73 78 75 76 84 77 92 107 113 109 29 99 98 103 36 24 114 10 21 69 46 16 55 34 66 49 40 42 108 118 115 106 57 41 37 58 56 51 43 52 53 45 38 
FO: 248.22173
Best time: 1.969
Total time:2.002 


Instance: instances/cvrp120-0-rj-3.json
Sol: 70 112 62 92 22 54 77 103 7 52 35 37 96 2 28 106 8 82 104 58 46 14 27 10 95 6 3 102 67 15 60 55 5 13 33 107 94 72 109 30 24 88 100 90 1 79 23 43 48 41 26 38 45 99 65 47 93 80 86 71 68 61 110 20 113 118 91 50 25 83 17 57 18 81 89 4 31 117 49 75 116 105 56 87 16 69 44 34 119 29 115 120 42 114 78 97 51 74 59 73 64 40 39 12 85 32 66 36 19 98 21 84 9 76 11 101 53 108 63 111 
FO: 57.40370
Best time: 1.990
Total time:2.003 


Instance: instances/cvrp120-1-df-3.json
Sol: 34 41 76 85 81 10 42 43 45 64 14 79 3 44 37 29 56 82 7 61 83 12 11 16 80 51 1 8 4 15 9 75 69 35 27 59 40 13 5 77 48 72 70 55 30 20 84 68 22 21 24 6 26 2 23 28 115 95 120 117 93 114 92 102 94 88 98 110 119 91 101 108 112 90 99 103 109 86 87 96 107 116 60 57 63 25 33 73 65 52 18 62 38 113 111 105 97 100 58 66 31 47 39 67 19 32 53 118 104 106 89 49 17 54 78 71 50 36 46 74 
FO: 97.63011
Best time: 1.997
Total time:2.004 


Instance: instances/cvrp120-1-pa-3.json
Sol: 77 69 75 31 21 30 10 20 25 3 8 1 2 11 27 15 26 4 18 117 108 99 115 68 55 57 64 53 70 80 71 94 85 83 98 118 106 102 100 104 101 96 52 49 51 50 58 119 107 110 111 93 82 113 88 78 91 81 46 48 44 41 35 60 63 89 95 116 105 112 114 74 103 120 24 9 23 22 47 43 45 42 38 67 59 65 66 62 61 39 33 34 36 37 40 87 90 92 84 86 79 109 13 29 5 17 6 32 7 16 12 28 14 19 76 97 73 72 56 54 
FO: 215.43290
Best time: 1.909
Total time:2.003 


Instance: instances/cvrp120-1-rj-3.json
Sol: 101 64 78 34 109 26 89 119 11 54 104 116 55 50 79 39 38 45 88 69 102 13 85 32 100 12 5 63 19 41 71 75 61 107 44 6 27 120 91 110 86 16 35 76 18 3 57 106 15 21 95 67 40 83 22 1 37 93 7 103 72 29 94 73 59 68 51 52 14 97 90 84 118 33 47 82 2 17 74 9 115 87 8 99 58 23 56 10 65 62 114 49 112 25 108 80 36 66 111 117 113 98 60 81 105 31 92 53 77 48 96 20 46 42 24 43 4 30 28 70 
FO: 74.33144
Best time: 1.990
Total time:2.026 


Instance: instances/cvrp120-2-df-3.json
Sol: 33 10 45 13 2 43 21 38 20 18 1 39 119 79 98 70 112 72 48 56 82 85 52 55 47 108 66 35 32 22 16 11 37 8 28 4 7 40 103 84 106 62 80 120 105 49 19 3 17 100 74 26 44 15 42 25 34 90 59 69 67 93 77 54 109 86 46 92 94 63 87 115 53 111 99 64 88 89 61 114 50 65 75 113 83 76 116 73 104 117 71 57 5 30 36 12 31 6 27 23 41 14 29 24 9 97 81 51 101 102 91 118 107 96 110 78 68 58 60 95 
FO: 263.60197
Best time: 1.994
Total time:2.007 


Instance: instances/cvrp120-2-rj-3.json
Sol: 109 103 110 102 120 117 92 112 4 67 70 16 116 108 97 113 96 107 6 2 3 19 79 55 45 66 44 104 114 90 101 93 118 86 25 50 18 89 84 41 71 56 10 40 30 5 57 74 82 81 65 49 46 68 53 32 80 73 60 51 87 17 105 99 34 11 22 72 63 35 47 85 59 43 9 48 62 23 115 119 98 111 95 91 106 94 100 77 24 64 1 58 42 27 54 75 31 61 20 83 36 8 69 7 52 12 88 15 13 21 37 39 29 38 76 28 33 26 78 14 
FO: 288.99955
Best time: 1.976
Total time:2.008 


Instance: instances/cvrp120-3-rj-3.json
Sol: 11 112 57 31 78 17 92 119 38 69 88 107 105 95 25 73 14 10 83 20 41 37 4 43 23 79 39 80 99 42 29 16 102 3 84 45 34 1 5 68 35 109 115 26 36 106 63 46 55 87 71 104 32 12 54 89 103 48 91 118 97 24 117 19 47 40 15 101 76 65 59 22 82 61 18 77 33 85 49 110 28 56 70 27 60 6 7 2 52 81 90 116 98 96 67 51 94 53 58 113 111 50 75 66 13 30 108 72 86 74 120 93 114 100 21 62 44 8 64 9 
FO: 27.75727
Best time: 1.910
Total time:2.022 


Instance: instances/cvrp120-4-rj-3.json
Sol: 98 38 106 77 72 14 58 80 42 68 59 55 46 73 95 103 91 108 48 31 17 67 4 10 26 18 100 99 107 52 21 51 47 90 70 83 63 3 87 11 41 61 65 16 56 7 40 20 85 35 5 19 64 6 101 86 75 32 89 27 93 104 79 37 102 29 44 57 12 39 1 81 84 54 24 105 49 76 78 71 33 30 8 117 118 109 115 111 62 43 15 60 97 23 116 114 113 120 119 110 112 96 9 66 92 34 25 13 2 82 28 94 53 36 50 88 74 69 45 22 
FO: 47.26179
Best time: 1.984
Total time:2.002 


Instance: instances/cvrp120-5-rj-3.json
Sol: 87 107 27 96 50 78 83 115 55 77 64 119 30 52 41 56 9 13 15 20 62 5 49 10 29 48 18 86 105 76 90 51 112 102 1 104 113 38 120 3 6 17 81 25 73 7 79 108 37 23 26 63 97 22 61 65 34 39 75 106 110 28 33 47 21 42 72 89 67 114 93 84 4 59 43 14 44 98 11 99 100 19 74 60 40 103 12 80 8 53 68 24 71 58 117 16 36 109 66 91 70 57 45 92 101 31 32 35 85 69 118 46 111 95 54 116 94 2 82 88 
FO: 34.24929
Best time: 1.611
Total time:2.002 


--------------------

DECODER 2 - CHEAPEST INSERTION

Instance: instances/cvrp30-0-df-0.json
Sol: 29 14 18 20 3 28 22 10 15 11 7 1 2 17 8 6 16 23 4 12 27 26 19 21 13 25 30 24 5 9 
FO: 153.06353
Best time: 0.059
Total time:2.010 


Instance: instances/cvrp30-0-pa-0.json
Sol: 24 13 3 26 18 9 30 19 2 20 5 22 27 10 8 11 25 1 28 17 7 6 15 4 16 29 14 23 21 12 
FO: 79.42852
Best time: 0.067
Total time:2.001 


Instance: instances/cvrp30-0-rj-0.json
Sol: 16 26 13 25 22 1 11 6 27 2 4 30 3 5 20 17 12 19 28 21 18 14 7 8 15 9 23 29 10 24 
FO: 10.71460
Best time: 0.000
Total time:2.005 


Instance: instances/cvrp30-1-df-0.json
Sol: 6 16 8 23 28 20 2 21 30 7 22 3 15 17 1 9 26 13 27 29 11 24 19 5 25 18 10 12 4 14 
FO: 11.12395
Best time: 0.004
Total time:2.005 


Instance: instances/cvrp30-1-pa-0.json
Sol: 28 16 3 11 15 10 27 12 25 24 8 9 20 18 29 26 7 22 23 14 30 6 4 19 5 17 13 21 1 2 
FO: 27.68822
Best time: 0.000
Total time:2.005 


Instance: instances/cvrp30-1-rj-0.json
Sol: 18 26 4 9 11 5 10 21 28 12 23 19 1 3 24 2 14 16 20 25 29 13 30 17 8 7 6 22 27 15 
FO: 11.70339
Best time: 0.001
Total time:2.010 


Instance: instances/cvrp30-2-df-0.json
Sol: 19 10 28 29 8 18 11 15 20 7 21 4 22 30 2 23 3 14 13 25 12 1 5 24 27 6 16 26 9 17 
FO: 31.07362
Best time: 0.002
Total time:2.005 


Instance: instances/cvrp30-2-rj-0.json
Sol: 27 16 5 25 6 4 7 3 23 18 17 8 15 24 21 29 26 9 30 1 14 10 13 19 11 28 12 2 22 20 
FO: 36.15169
Best time: 0.000
Total time:2.011 


Instance: instances/cvrp30-3-rj-0.json
Sol: 13 15 12 27 16 9 1 5 17 26 4 28 20 2 29 21 18 30 3 11 14 22 7 8 6 24 25 19 23 10 
FO: 6.19844
Best time: 0.002
Total time:2.010 


Instance: instances/cvrp30-4-rj-0.json
Sol: 12 11 13 7 5 30 15 18 6 20 14 1 10 2 9 26 28 29 16 27 22 24 23 4 8 17 19 25 3 21 
FO: 4.92809
Best time: 0.000
Total time:2.002 


Instance: instances/cvrp30-5-rj-0.json
Sol: 8 12 26 30 6 22 25 7 9 18 27 4 19 21 15 3 29 1 16 14 13 24 20 5 17 11 10 28 23 2 
FO: 6.92282
Best time: 0.000
Total time:2.011 


Instance: instances/cvrp60-0-df-1.json
Sol: 20 21 57 58 42 40 38 7 37 5 29 12 13 10 30 44 51 25 26 35 56 60 49 54 14 41 32 22 39 52 27 50 36 24 6 48 16 55 34 17 31 46 15 11 59 8 19 18 33 4 28 53 45 43 23 47 2 3 9 1 
FO: 142.85541
Best time: 0.972
Total time:2.028 


Instance: instances/cvrp60-0-pa-1.json
Sol: 2 17 31 11 33 25 6 8 18 41 32 30 13 4 10 14 24 5 1 22 23 34 28 9 3 55 20 46 26 45 29 54 57 15 47 42 39 48 36 19 21 44 38 27 16 49 60 59 50 40 12 7 52 58 35 56 37 51 53 43 
FO: 85.08238
Best time: 1.400
Total time:2.003 


Instance: instances/cvrp60-0-rj-1.json
Sol: 45 60 26 59 12 8 48 42 50 41 28 36 51 58 54 55 16 29 22 32 14 39 47 13 24 33 43 40 15 19 34 46 35 3 17 10 52 25 53 21 6 5 23 31 18 49 38 20 1 7 9 57 44 11 27 4 30 56 2 37 
FO: 16.44905
Best time: 1.983
Total time:2.007 


Instance: instances/cvrp60-1-df-1.json
Sol: 18 13 14 53 1 60 51 4 59 26 42 11 2 44 27 24 32 58 30 57 55 48 49 8 35 34 56 22 21 29 28 46 25 50 54 45 43 36 41 47 23 40 20 19 15 39 5 31 12 7 38 37 16 3 10 6 52 33 9 17 
FO: 30.89816
Best time: 0.553
Total time:2.003 


Instance: instances/cvrp60-1-pa-1.json
Sol: 26 30 20 24 27 38 46 56 44 28 60 21 52 43 32 47 41 25 42 36 57 37 51 23 22 31 45 58 39 49 16 53 59 17 40 54 10 3 55 1 9 19 48 6 18 14 4 50 34 7 5 13 33 12 2 35 29 11 15 8 
FO: 75.43457
Best time: 0.548
Total time:2.006 


Instance: instances/cvrp60-1-rj-1.json
Sol: 27 54 3 39 14 5 49 36 9 18 7 23 56 30 26 42 20 21 2 19 1 40 57 24 41 31 25 37 22 55 6 44 45 4 52 48 47 38 51 15 35 17 13 46 60 32 59 34 33 43 29 53 28 10 50 8 12 11 58 16 
FO: 17.51101
Best time: 1.966
Total time:2.002 


Instance: instances/cvrp60-2-df-1.json
Sol: 47 54 39 19 26 41 57 55 58 59 4 1 14 32 56 7 8 60 36 40 53 50 51 2 21 27 46 25 43 15 48 31 49 45 16 18 52 3 30 6 11 13 37 29 28 35 17 42 33 44 24 5 38 23 20 10 34 22 12 9 
FO: 67.49592
Best time: 1.739
Total time:2.008 


Instance: instances/cvrp60-2-rj-1.json
Sol: 53 58 24 8 56 20 6 34 10 59 35 54 17 45 3 43 42 52 32 48 25 55 51 4 19 21 15 1 28 39 9 41 33 31 60 36 5 50 46 47 37 7 23 12 29 14 40 44 16 11 26 18 38 49 22 2 27 30 57 13 
FO: 63.85171
Best time: 1.043
Total time:2.004 


Instance: instances/cvrp60-3-rj-1.json
Sol: 59 19 33 46 54 49 51 52 24 57 7 22 31 29 30 37 43 35 60 16 21 10 9 12 53 25 45 26 18 20 17 38 39 2 50 4 56 48 15 23 11 28 5 55 36 32 8 27 44 13 42 14 40 3 34 1 58 47 41 6 
FO: 10.63416
Best time: 0.890
Total time:2.001 


Instance: instances/cvrp60-4-rj-1.json
Sol: 42 43 53 15 37 30 58 7 52 45 28 44 40 17 24 16 56 8 3 18 39 11 26 32 34 59 46 48 14 60 57 25 38 22 36 33 1 5 49 4 47 41 35 29 20 27 10 19 9 23 2 6 51 54 13 50 12 55 31 21 
FO: 8.73977
Best time: 1.888
Total time:2.003 


Instance: instances/cvrp60-5-rj-1.json
Sol: 34 37 59 38 27 13 47 15 20 23 43 54 24 44 49 39 30 11 48 45 19 53 40 57 3 28 6 7 1 22 41 9 55 14 2 16 10 35 12 50 52 60 18 58 5 33 42 17 21 25 8 51 32 31 4 56 36 29 46 26 
FO: 11.35598
Best time: 1.937
Total time:2.003 


Instance: instances/cvrp90-0-df-2.json
Sol: 25 27 1 73 80 19 22 20 39 29 38 49 48 21 24 23 26 33 54 28 18 43 15 30 16 89 2 37 17 84 74 72 90 68 5 65 82 36 67 77 86 83 31 47 88 87 79 78 13 58 85 55 81 59 4 75 76 6 70 35 46 34 69 60 51 8 56 10 11 12 63 7 52 50 42 64 40 41 3 45 66 57 71 53 62 44 32 14 9 61 
FO: 293.07289
Best time: 1.921
Total time:2.015 


Instance: instances/cvrp90-0-pa-2.json
Sol: 5 53 31 74 76 7 34 55 25 77 43 6 2 9 1 19 3 8 54 71 68 46 4 23 18 15 57 16 48 13 75 61 30 40 35 28 49 70 17 41 26 39 14 27 36 32 45 29 12 62 66 24 56 42 50 51 38 47 10 33 65 37 78 67 59 89 69 52 83 58 81 60 20 88 44 80 82 73 22 86 79 84 87 64 85 90 72 21 63 11 
FO: 104.52176
Best time: 1.994
Total time:2.003 


Instance: instances/cvrp90-0-rj-2.json
Sol: 89 12 1 48 26 67 6 88 37 54 64 56 83 16 65 86 51 76 52 81 20 31 15 22 85 25 44 7 82 61 30 24 74 78 77 18 58 4 17 57 49 71 13 84 62 50 72 41 2 73 3 38 59 10 21 47 14 55 60 80 23 45 68 43 69 36 42 63 75 9 8 46 39 79 53 32 90 27 34 40 70 28 33 66 35 87 29 5 11 19 
FO: 23.37378
Best time: 1.829
Total time:2.012 


Instance: instances/cvrp90-1-df-2.json
Sol: 25 19 74 3 14 35 11 64 68 54 80 55 49 52 61 56 22 75 85 15 44 63 5 70 37 84 83 69 60 43 7 78 47 27 21 66 73 29 88 23 46 81 86 71 10 36 30 42 82 65 72 34 33 20 89 76 87 26 24 79 90 62 77 67 32 41 57 40 2 58 45 31 6 38 39 59 51 1 4 12 16 18 9 13 48 17 50 8 53 28 
FO: 49.98930
Best time: 1.987
Total time:2.005 


Instance: instances/cvrp90-1-pa-2.json
Sol: 51 17 11 20 38 4 32 28 61 1 5 15 36 14 6 21 2 19 8 54 33 24 27 12 18 3 7 49 16 13 41 9 35 23 26 25 63 82 69 44 29 45 37 59 56 43 89 72 46 67 42 30 74 10 40 22 34 76 86 77 48 70 73 62 60 80 31 64 71 39 83 58 65 78 79 88 52 81 57 50 47 68 53 85 84 75 55 87 66 90 
FO: 110.53510
Best time: 2.004
Total time:2.025 


Instance: instances/cvrp90-1-rj-2.json
Sol: 37 85 55 26 13 36 45 87 79 11 43 16 24 14 67 18 25 81 60 42 12 74 49 22 17 47 82 27 65 33 75 4 34 62 88 52 44 31 71 69 86 76 73 51 70 80 84 68 23 8 48 7 90 40 77 78 58 39 64 83 89 29 9 63 46 6 66 50 59 19 15 57 20 10 61 3 1 35 53 30 2 72 54 38 41 5 56 28 32 21 
FO: 23.34833
Best time: 1.949
Total time:2.006 


Instance: instances/cvrp90-2-df-2.json
Sol: 88 48 64 80 32 28 49 19 27 56 20 53 7 45 22 83 11 79 8 74 61 38 17 34 69 18 62 87 15 72 43 50 6 78 73 90 40 68 24 10 23 35 63 42 66 4 86 26 30 13 14 58 1 36 55 25 41 12 81 9 21 75 89 44 60 52 37 59 46 39 33 77 70 29 82 2 71 65 16 67 3 47 85 76 31 51 5 54 57 84 
FO: 143.58652
Best time: 1.940
Total time:2.001 


Instance: instances/cvrp90-2-rj-2.json
Sol: 87 86 29 11 88 81 21 28 15 89 53 38 46 76 42 80 24 10 32 40 62 13 5 2 30 9 25 71 49 44 1 34 50 20 31 57 83 85 56 7 39 4 3 22 26 48 82 45 47 19 41 35 64 55 90 18 70 12 65 84 74 58 27 61 75 66 51 37 6 23 14 63 60 54 78 79 52 68 72 17 67 77 33 8 43 36 16 69 73 59 
FO: 94.42760
Best time: 1.973
Total time:2.005 


Instance: instances/cvrp90-3-rj-2.json
Sol: 6 58 20 35 2 52 73 4 7 62 83 10 22 29 30 56 32 13 54 42 67 49 81 27 25 38 9 48 84 89 43 18 26 37 80 12 60 17 3 39 53 69 75 50 11 57 65 61 59 76 88 44 21 86 14 72 23 87 34 74 41 40 51 82 90 68 16 64 24 63 66 15 47 55 28 33 19 70 5 36 8 78 31 79 45 46 1 71 85 77 
FO: 15.55005
Best time: 1.809
Total time:2.002 


Instance: instances/cvrp90-4-rj-2.json
Sol: 73 32 66 35 75 14 55 71 89 74 45 87 83 69 8 4 3 88 42 38 68 53 7 25 19 22 70 81 13 62 5 31 49 65 57 84 1 20 17 9 56 76 33 12 40 79 51 36 41 23 29 2 54 30 26 50 39 44 11 37 16 64 43 86 34 72 47 46 63 18 21 61 6 60 52 77 48 80 15 82 67 58 24 28 78 27 85 90 10 59 
FO: 12.35367
Best time: 1.982
Total time:2.000 


Instance: instances/cvrp90-5-rj-2.json
Sol: 30 15 7 35 75 50 60 17 81 32 18 52 28 90 33 26 16 19 45 31 39 10 3 86 77 22 47 48 42 46 41 4 87 61 38 49 65 76 1 34 14 83 27 44 62 55 74 78 70 84 89 12 29 69 9 82 80 24 63 43 67 68 6 20 79 25 59 2 64 40 66 72 53 88 85 13 57 51 56 8 21 11 71 58 23 54 73 37 5 36 
FO: 16.96829
Best time: 1.947
Total time:2.009 


Instance: instances/cvrp120-0-df-3.json
Sol: 30 32 63 46 58 26 70 51 90 91 9 81 37 11 103 5 56 106 98 79 48 68 107 105 49 41 35 94 55 31 4 65 54 109 27 101 71 52 86 62 72 84 112 36 7 59 2 77 13 61 119 44 95 38 53 60 114 15 115 25 108 45 6 50 117 102 39 14 100 83 78 88 80 33 74 111 24 16 18 116 118 64 47 57 76 21 20 69 1 75 89 96 17 19 42 29 92 73 113 22 40 43 104 120 85 93 82 34 99 67 12 8 66 28 87 23 10 110 3 97 
FO: 310.35265
Best time: 1.956
Total time:2.046 


Instance: instances/cvrp120-0-pa-3.json
Sol: 29 55 8 108 44 91 61 28 111 117 77 32 80 93 23 74 25 92 12 24 54 76 16 57 84 109 13 95 70 43 66 87 86 85 22 97 78 68 10 58 62 60 69 53 9 40 20 49 6 94 35 21 83 14 19 11 15 5 51 110 33 39 63 73 106 82 46 59 64 72 31 107 27 48 34 41 112 118 67 71 52 7 38 113 65 116 90 89 115 114 26 17 104 75 81 120 56 96 101 1 105 88 99 36 98 47 119 100 45 50 3 79 18 30 4 42 2 102 103 37 
FO: 160.91572
Best time: 1.939
Total time:2.039 


Instance: instances/cvrp120-0-rj-3.json
Sol: 41 12 113 71 62 66 54 118 45 92 7 1 120 75 115 68 17 112 5 19 48 25 58 82 73 52 46 117 61 49 65 91 105 69 87 64 110 31 86 90 40 14 107 34 116 98 24 100 4 89 88 67 59 9 20 95 114 33 18 44 53 81 43 84 29 109 60 22 93 102 72 35 16 47 63 26 56 111 51 38 3 37 50 28 32 78 76 6 80 2 119 55 96 15 83 97 30 99 108 42 94 13 103 70 74 104 39 11 85 101 8 27 79 106 10 23 57 36 21 77 
FO: 31.36588
Best time: 1.978
Total time:2.052 


Instance: instances/cvrp120-1-df-3.json
Sol: 97 82 111 1 100 8 44 50 25 27 72 120 62 85 13 107 84 102 69 16 18 96 119 32 103 99 45 49 71 95 34 109 110 58 64 6 10 89 113 112 90 93 87 91 4 42 104 106 80 79 88 30 15 98 38 68 9 24 115 39 105 46 29 19 70 28 40 101 31 76 60 94 116 55 117 59 5 57 12 78 41 20 23 36 77 61 14 63 86 17 54 48 114 7 118 67 92 2 108 51 22 83 66 81 65 33 52 11 74 21 73 47 35 53 26 43 56 75 3 37 
FO: 72.43160
Best time: 1.332
Total time:2.004 


Instance: instances/cvrp120-1-pa-3.json
Sol: 102 90 20 106 115 108 32 1 12 14 2 101 104 114 24 99 27 80 113 22 100 68 97 76 91 83 107 87 111 70 5 29 11 28 52 95 8 36 65 46 43 23 47 26 38 50 96 48 6 60 75 93 39 49 63 51 31 35 25 58 45 18 15 37 81 3 59 88 56 69 13 89 57 34 40 42 110 71 103 62 66 4 117 44 21 119 41 79 77 33 17 92 98 7 53 9 105 55 61 54 85 116 64 74 84 109 94 10 73 72 67 16 120 78 30 86 118 112 82 19 
FO: 138.10635
Best time: 1.959
Total time:2.005 


Instance: instances/cvrp120-1-rj-3.json
Sol: 115 26 96 39 18 64 62 88 14 23 112 86 15 25 59 114 91 58 1 119 30 2 55 11 98 20 41 13 34 90 117 29 42 99 93 7 66 87 12 17 120 54 46 108 8 75 116 3 118 83 60 74 109 110 49 81 36 44 77 73 67 28 9 78 33 76 27 65 10 40 69 89 68 71 102 97 61 51 48 95 104 57 85 21 106 32 82 94 43 80 63 107 105 38 24 22 6 4 47 45 5 72 111 84 56 52 37 16 103 101 53 50 70 31 113 19 79 35 92 100 
FO: 39.18160
Best time: 1.186
Total time:2.002 


Instance: instances/cvrp120-2-df-3.json
Sol: 59 75 73 100 36 68 82 6 87 61 22 95 20 80 17 5 52 60 21 53 25 107 48 56 96 1 47 83 7 85 24 72 28 9 86 114 4 15 40 77 84 69 115 14 41 18 65 108 34 13 66 16 10 74 103 8 89 2 102 38 97 91 120 42 71 37 11 106 63 78 51 88 119 70 29 49 76 109 19 23 116 50 27 55 94 93 104 113 81 35 58 45 54 117 110 90 3 39 32 98 12 64 92 67 118 99 111 44 46 79 112 30 57 33 101 62 26 105 31 43 
FO: 199.26281
Best time: 0.558
Total time:2.004 


Instance: instances/cvrp120-2-rj-3.json
Sol: 28 53 29 30 14 86 33 27 98 75 69 78 113 118 11 43 18 119 5 25 23 49 67 40 100 81 99 93 97 91 9 38 22 56 21 20 108 101 103 48 102 79 94 47 109 116 85 42 68 107 96 61 15 65 120 19 83 104 3 115 117 74 62 71 31 51 106 60 110 59 8 13 84 44 35 111 41 87 70 34 82 37 114 92 36 64 1 77 105 50 80 112 90 89 95 4 55 72 39 63 6 24 54 45 16 10 88 76 58 46 66 17 7 2 57 52 26 32 73 12 
FO: 157.99688
Best time: 1.920
Total time:2.009 


Instance: instances/cvrp120-3-rj-3.json
Sol: 92 13 103 71 78 57 120 82 88 31 26 55 33 3 47 81 17 89 119 68 69 28 5 93 90 6 38 61 35 2 43 107 1 74 115 10 22 70 4 39 100 42 77 44 14 72 27 86 73 79 116 45 34 109 98 29 95 50 108 110 65 62 52 46 117 91 48 54 18 114 101 7 36 60 59 104 85 58 49 87 24 106 56 76 96 21 15 12 63 32 11 105 94 8 112 84 75 16 53 111 80 67 66 113 97 99 23 37 25 64 30 83 51 102 40 9 41 19 20 118 
FO: 20.13222
Best time: 1.994
Total time:2.009 


Instance: instances/cvrp120-4-rj-3.json
Sol: 79 14 11 19 78 103 105 62 37 13 25 108 52 55 15 106 63 80 56 71 89 20 48 47 85 22 26 66 16 107 60 31 100 12 88 84 90 99 72 27 95 18 24 104 77 30 75 32 93 10 28 87 46 68 36 98 69 41 58 21 51 39 42 65 91 7 101 50 97 117 114 112 118 96 111 45 61 120 67 116 44 73 110 113 92 34 33 119 115 17 109 70 53 74 64 9 102 94 81 54 86 2 5 8 82 23 35 83 57 4 59 40 3 76 49 43 29 38 1 6 
FO: 27.33404
Best time: 2.003
Total time:2.023 


Instance: instances/cvrp120-5-rj-3.json
Sol: 6 117 8 23 73 67 79 51 98 7 43 41 84 26 112 113 107 83 92 14 44 37 29 115 17 90 15 101 13 71 46 111 25 82 81 55 108 20 80 11 110 12 52 45 93 10 85 94 22 88 18 91 70 105 103 4 58 9 97 75 34 119 31 27 19 40 61 49 38 60 116 36 16 50 96 5 118 35 24 77 102 59 2 64 78 30 62 63 54 106 56 48 104 33 89 66 68 99 1 76 42 69 28 39 86 109 120 3 57 47 32 95 65 74 87 53 100 72 21 114 
FO: 22.41157
Best time: 2.002
Total time:2.004 


-------------------------------

BOTH DECODERS

Instance: instances/cvrp30-0-df-0.json
Sol: 1 2 3 4 5 6 7 8 9 10 11 12 13 14 15 16 17 18 19 20 21 22 23 24 25 26 27 28 29 30 
FO: 0.00000
Best time: 0.048
Total time:2.002 


Instance: instances/cvrp30-0-pa-0.json
Sol: 1 2 3 4 5 6 7 8 9 10 11 12 13 14 15 16 17 18 19 20 21 22 23 24 25 26 27 28 29 30 
FO: 0.00000
Best time: 0.085
Total time:2.003 


Instance: instances/cvrp30-0-rj-0.json
Sol: 1 2 3 4 5 6 7 8 9 10 11 12 13 14 15 16 17 18 19 20 21 22 23 24 25 26 27 28 29 30 
FO: 0.00000
Best time: 0.082
Total time:2.004 


Instance: instances/cvrp30-1-df-0.json
Sol: 1 2 3 4 5 6 7 8 9 10 11 12 13 14 15 16 17 18 19 20 21 22 23 24 25 26 27 28 29 30 
FO: 0.00000
Best time: 0.083
Total time:2.004 


Instance: instances/cvrp30-1-pa-0.json
Sol: 1 2 3 4 5 6 7 8 9 10 11 12 13 14 15 16 17 18 19 20 21 22 23 24 25 26 27 28 29 30 
FO: 0.00000
Best time: 0.011
Total time:2.002 


Instance: instances/cvrp30-1-rj-0.json
Sol: 1 2 3 4 5 6 7 8 9 10 11 12 13 14 15 16 17 18 19 20 21 22 23 24 25 26 27 28 29 30 
FO: 0.00000
Best time: 0.011
Total time:2.001 


Instance: instances/cvrp30-2-df-0.json
Sol: 1 2 3 4 5 6 7 8 9 10 11 12 13 14 15 16 17 18 19 20 21 22 23 24 25 26 27 28 29 30 
FO: 0.00000
Best time: 0.123
Total time:2.001 


Instance: instances/cvrp30-2-rj-0.json
Sol: 1 2 3 4 5 6 7 8 9 10 11 12 13 14 15 16 17 18 19 20 21 22 23 24 25 26 27 28 29 30 
FO: 0.00000
Best time: 0.034
Total time:2.002 


Instance: instances/cvrp30-3-rj-0.json
Sol: 1 2 3 4 5 6 7 8 9 10 11 12 13 14 15 16 17 18 19 20 21 22 23 24 25 26 27 28 29 30 
FO: 0.00000
Best time: 0.013
Total time:2.001 


Instance: instances/cvrp30-4-rj-0.json
Sol: 1 2 3 4 5 6 7 8 9 10 11 12 13 14 15 16 17 18 19 20 21 22 23 24 25 26 27 28 29 30 
FO: 0.00000
Best time: 0.012
Total time:2.001 


Instance: instances/cvrp30-5-rj-0.json
Sol: 1 2 3 4 5 6 7 8 9 10 11 12 13 14 15 16 17 18 19 20 21 22 23 24 25 26 27 28 29 30 
FO: 0.00000
Best time: 0.012
Total time:2.003 


Instance: instances/cvrp60-0-df-1.json
Sol: 1 2 3 4 5 6 7 8 9 10 11 12 13 14 15 16 17 18 19 20 21 22 23 24 25 26 27 28 29 30 31 32 33 34 35 36 37 38 39 40 41 42 43 44 45 46 47 48 49 50 51 52 53 54 55 56 57 58 59 60 
FO: 0.00000
Best time: 0.013
Total time:2.000 


Instance: instances/cvrp60-0-pa-1.json
Sol: 1 2 3 4 5 6 7 8 9 10 11 12 13 14 15 16 17 18 19 20 21 22 23 24 25 26 27 28 29 30 31 32 33 34 35 36 37 38 39 40 41 42 43 44 45 46 47 48 49 50 51 52 53 54 55 56 57 58 59 60 
FO: 0.00000
Best time: 0.012
Total time:2.005 


Instance: instances/cvrp60-0-rj-1.json
Sol: 1 2 3 4 5 6 7 8 9 10 11 12 13 14 15 16 17 18 19 20 21 22 23 24 25 26 27 28 29 30 31 32 33 34 35 36 37 38 39 40 41 42 43 44 45 46 47 48 49 50 51 52 53 54 55 56 57 58 59 60 
FO: 0.00000
Best time: 0.012
Total time:2.002 


Instance: instances/cvrp60-1-df-1.json
Sol: 1 2 3 4 5 6 7 8 9 10 11 12 13 14 15 16 17 18 19 20 21 22 23 24 25 26 27 28 29 30 31 32 33 34 35 36 37 38 39 40 41 42 43 44 45 46 47 48 49 50 51 52 53 54 55 56 57 58 59 60 
FO: 0.00000
Best time: 0.013
Total time:2.008 


Instance: instances/cvrp60-1-pa-1.json
Sol: 1 2 3 4 5 6 7 8 9 10 11 12 13 14 15 16 17 18 19 20 21 22 23 24 25 26 27 28 29 30 31 32 33 34 35 36 37 38 39 40 41 42 43 44 45 46 47 48 49 50 51 52 53 54 55 56 57 58 59 60 
FO: 0.00000
Best time: 0.013
Total time:2.002 


Instance: instances/cvrp60-1-rj-1.json
Sol: 1 2 3 4 5 6 7 8 9 10 11 12 13 14 15 16 17 18 19 20 21 22 23 24 25 26 27 28 29 30 31 32 33 34 35 36 37 38 39 40 41 42 43 44 45 46 47 48 49 50 51 52 53 54 55 56 57 58 59 60 
FO: 0.00000
Best time: 0.012
Total time:2.001 


Instance: instances/cvrp60-2-df-1.json
Sol: 1 2 3 4 5 6 7 8 9 10 11 12 13 14 15 16 17 18 19 20 21 22 23 24 25 26 27 28 29 30 31 32 33 34 35 36 37 38 39 40 41 42 43 44 45 46 47 48 49 50 51 52 53 54 55 56 57 58 59 60 
FO: 0.00000
Best time: 0.012
Total time:2.004 


Instance: instances/cvrp60-2-rj-1.json
Sol: 1 2 3 4 5 6 7 8 9 10 11 12 13 14 15 16 17 18 19 20 21 22 23 24 25 26 27 28 29 30 31 32 33 34 35 36 37 38 39 40 41 42 43 44 45 46 47 48 49 50 51 52 53 54 55 56 57 58 59 60 
FO: 0.00000
Best time: 0.013
Total time:2.010 


Instance: instances/cvrp60-3-rj-1.json
Sol: 1 2 3 4 5 6 7 8 9 10 11 12 13 14 15 16 17 18 19 20 21 22 23 24 25 26 27 28 29 30 31 32 33 34 35 36 37 38 39 40 41 42 43 44 45 46 47 48 49 50 51 52 53 54 55 56 57 58 59 60 
FO: 0.00000
Best time: 0.012
Total time:2.003 


Instance: instances/cvrp60-4-rj-1.json
Sol: 1 2 3 4 5 6 7 8 9 10 11 12 13 14 15 16 17 18 19 20 21 22 23 24 25 26 27 28 29 30 31 32 33 34 35 36 37 38 39 40 41 42 43 44 45 46 47 48 49 50 51 52 53 54 55 56 57 58 59 60 
FO: 0.00000
Best time: 0.013
Total time:2.005 


Instance: instances/cvrp60-5-rj-1.json
Sol: 1 2 3 4 5 6 7 8 9 10 11 12 13 14 15 16 17 18 19 20 21 22 23 24 25 26 27 28 29 30 31 32 33 34 35 36 37 38 39 40 41 42 43 44 45 46 47 48 49 50 51 52 53 54 55 56 57 58 59 60 
FO: 0.00000
Best time: 0.013
Total time:2.004 


Instance: instances/cvrp90-0-df-2.json
Sol: 1 2 3 4 5 6 7 8 9 10 11 12 13 14 15 16 17 18 19 20 21 22 23 24 25 26 27 28 29 30 31 32 33 34 35 36 37 38 39 40 41 42 43 44 45 46 47 48 49 50 51 52 53 54 55 56 57 58 59 60 61 62 63 64 65 66 67 68 69 70 71 72 73 74 75 76 77 78 79 80 81 82 83 84 85 86 87 88 89 90 
FO: 0.00000
Best time: 0.056
Total time:2.034 


Instance: instances/cvrp90-0-pa-2.json
Sol: 1 2 3 4 5 6 7 8 9 10 11 12 13 14 15 16 17 18 19 20 21 22 23 24 25 26 27 28 29 30 31 32 33 34 35 36 37 38 39 40 41 42 43 44 45 46 47 48 49 50 51 52 53 54 55 56 57 58 59 60 61 62 63 64 65 66 67 68 69 70 71 72 73 74 75 76 77 78 79 80 81 82 83 84 85 86 87 88 89 90 
FO: 0.00000
Best time: 1.461
Total time:2.033 


Instance: instances/cvrp90-0-rj-2.json
Sol: 1 2 3 4 5 6 7 8 9 10 11 12 13 14 15 16 17 18 19 20 21 22 23 24 25 26 27 28 29 30 31 32 33 34 35 36 37 38 39 40 41 42 43 44 45 46 47 48 49 50 51 52 53 54 55 56 57 58 59 60 61 62 63 64 65 66 67 68 69 70 71 72 73 74 75 76 77 78 79 80 81 82 83 84 85 86 87 88 89 90 
FO: 0.00000
Best time: 0.245
Total time:2.006 


Instance: instances/cvrp90-1-df-2.json
Sol: 1 2 3 4 5 6 7 8 9 10 11 12 13 14 15 16 17 18 19 20 21 22 23 24 25 26 27 28 29 30 31 32 33 34 35 36 37 38 39 40 41 42 43 44 45 46 47 48 49 50 51 52 53 54 55 56 57 58 59 60 61 62 63 64 65 66 67 68 69 70 71 72 73 74 75 76 77 78 79 80 81 82 83 84 85 86 87 88 89 90 
FO: 0.00000
Best time: 0.058
Total time:2.014 


Instance: instances/cvrp90-1-pa-2.json
Sol: 1 2 3 4 5 6 7 8 9 10 11 12 13 14 15 16 17 18 19 20 21 22 23 24 25 26 27 28 29 30 31 32 33 34 35 36 37 38 39 40 41 42 43 44 45 46 47 48 49 50 51 52 53 54 55 56 57 58 59 60 61 62 63 64 65 66 67 68 69 70 71 72 73 74 75 76 77 78 79 80 81 82 83 84 85 86 87 88 89 90 
FO: 0.00000
Best time: 0.048
Total time:2.008 


Instance: instances/cvrp90-1-rj-2.json
Sol: 1 2 3 4 5 6 7 8 9 10 11 12 13 14 15 16 17 18 19 20 21 22 23 24 25 26 27 28 29 30 31 32 33 34 35 36 37 38 39 40 41 42 43 44 45 46 47 48 49 50 51 52 53 54 55 56 57 58 59 60 61 62 63 64 65 66 67 68 69 70 71 72 73 74 75 76 77 78 79 80 81 82 83 84 85 86 87 88 89 90 
FO: 0.00000
Best time: 0.056
Total time:2.005 


Instance: instances/cvrp90-2-df-2.json
Sol: 1 2 3 4 5 6 7 8 9 10 11 12 13 14 15 16 17 18 19 20 21 22 23 24 25 26 27 28 29 30 31 32 33 34 35 36 37 38 39 40 41 42 43 44 45 46 47 48 49 50 51 52 53 54 55 56 57 58 59 60 61 62 63 64 65 66 67 68 69 70 71 72 73 74 75 76 77 78 79 80 81 82 83 84 85 86 87 88 89 90 
FO: 0.00000
Best time: 0.463
Total time:2.006 


Instance: instances/cvrp90-2-rj-2.json
Sol: 1 2 3 4 5 6 7 8 9 10 11 12 13 14 15 16 17 18 19 20 21 22 23 24 25 26 27 28 29 30 31 32 33 34 35 36 37 38 39 40 41 42 43 44 45 46 47 48 49 50 51 52 53 54 55 56 57 58 59 60 61 62 63 64 65 66 67 68 69 70 71 72 73 74 75 76 77 78 79 80 81 82 83 84 85 86 87 88 89 90 
FO: 0.00000
Best time: 0.140
Total time:2.008 


Instance: instances/cvrp90-3-rj-2.json
Sol: 1 2 3 4 5 6 7 8 9 10 11 12 13 14 15 16 17 18 19 20 21 22 23 24 25 26 27 28 29 30 31 32 33 34 35 36 37 38 39 40 41 42 43 44 45 46 47 48 49 50 51 52 53 54 55 56 57 58 59 60 61 62 63 64 65 66 67 68 69 70 71 72 73 74 75 76 77 78 79 80 81 82 83 84 85 86 87 88 89 90 
FO: 0.00000
Best time: 0.404
Total time:2.021 


Instance: instances/cvrp90-4-rj-2.json
Sol: 1 2 3 4 5 6 7 8 9 10 11 12 13 14 15 16 17 18 19 20 21 22 23 24 25 26 27 28 29 30 31 32 33 34 35 36 37 38 39 40 41 42 43 44 45 46 47 48 49 50 51 52 53 54 55 56 57 58 59 60 61 62 63 64 65 66 67 68 69 70 71 72 73 74 75 76 77 78 79 80 81 82 83 84 85 86 87 88 89 90 
FO: 0.00000
Best time: 0.147
Total time:2.001 


Instance: instances/cvrp90-5-rj-2.json
Sol: 1 2 3 4 5 6 7 8 9 10 11 12 13 14 15 16 17 18 19 20 21 22 23 24 25 26 27 28 29 30 31 32 33 34 35 36 37 38 39 40 41 42 43 44 45 46 47 48 49 50 51 52 53 54 55 56 57 58 59 60 61 62 63 64 65 66 67 68 69 70 71 72 73 74 75 76 77 78 79 80 81 82 83 84 85 86 87 88 89 90 
FO: 0.00000
Best time: 0.043
Total time:2.007 


Instance: instances/cvrp120-0-df-3.json
Sol: 1 2 3 4 5 6 7 8 9 10 11 12 13 14 15 16 17 18 19 20 21 22 23 24 25 26 27 28 29 30 31 32 33 34 35 36 37 38 39 40 41 42 43 44 45 46 47 48 49 50 51 52 53 54 55 56 57 58 59 60 61 62 63 64 65 66 67 68 69 70 71 72 73 74 75 76 77 78 79 80 81 82 83 84 85 86 87 88 89 90 91 92 93 94 95 96 97 98 99 100 101 102 103 104 105 106 107 108 109 110 111 112 113 114 115 116 117 118 119 120 
FO: 0.00000
Best time: 0.099
Total time:2.011 


Instance: instances/cvrp120-0-pa-3.json
Sol: 1 2 3 4 5 6 7 8 9 10 11 12 13 14 15 16 17 18 19 20 21 22 23 24 25 26 27 28 29 30 31 32 33 34 35 36 37 38 39 40 41 42 43 44 45 46 47 48 49 50 51 52 53 54 55 56 57 58 59 60 61 62 63 64 65 66 67 68 69 70 71 72 73 74 75 76 77 78 79 80 81 82 83 84 85 86 87 88 89 90 91 92 93 94 95 96 97 98 99 100 101 102 103 104 105 106 107 108 109 110 111 112 113 114 115 116 117 118 119 120 
FO: 0.00000
Best time: 0.172
Total time:2.018 


Instance: instances/cvrp120-0-rj-3.json
Sol: 1 2 3 4 5 6 7 8 9 10 11 12 13 14 15 16 17 18 19 20 21 22 23 24 25 26 27 28 29 30 31 32 33 34 35 36 37 38 39 40 41 42 43 44 45 46 47 48 49 50 51 52 53 54 55 56 57 58 59 60 61 62 63 64 65 66 67 68 69 70 71 72 73 74 75 76 77 78 79 80 81 82 83 84 85 86 87 88 89 90 91 92 93 94 95 96 97 98 99 100 101 102 103 104 105 106 107 108 109 110 111 112 113 114 115 116 117 118 119 120 
FO: 0.00000
Best time: 0.049
Total time:2.011 


Instance: instances/cvrp120-1-df-3.json
Sol: 1 2 3 4 5 6 7 8 9 10 11 12 13 14 15 16 17 18 19 20 21 22 23 24 25 26 27 28 29 30 31 32 33 34 35 36 37 38 39 40 41 42 43 44 45 46 47 48 49 50 51 52 53 54 55 56 57 58 59 60 61 62 63 64 65 66 67 68 69 70 71 72 73 74 75 76 77 78 79 80 81 82 83 84 85 86 87 88 89 90 91 92 93 94 95 96 97 98 99 100 101 102 103 104 105 106 107 108 109 110 111 112 113 114 115 116 117 118 119 120 
FO: 0.00000
Best time: 0.276
Total time:2.006 


Instance: instances/cvrp120-1-pa-3.json
Sol: 1 2 3 4 5 6 7 8 9 10 11 12 13 14 15 16 17 18 19 20 21 22 23 24 25 26 27 28 29 30 31 32 33 34 35 36 37 38 39 40 41 42 43 44 45 46 47 48 49 50 51 52 53 54 55 56 57 58 59 60 61 62 63 64 65 66 67 68 69 70 71 72 73 74 75 76 77 78 79 80 81 82 83 84 85 86 87 88 89 90 91 92 93 94 95 96 97 98 99 100 101 102 103 104 105 106 107 108 109 110 111 112 113 114 115 116 117 118 119 120 
FO: 0.00000
Best time: 0.222
Total time:2.002 


Instance: instances/cvrp120-1-rj-3.json
Sol: 1 2 3 4 5 6 7 8 9 10 11 12 13 14 15 16 17 18 19 20 21 22 23 24 25 26 27 28 29 30 31 32 33 34 35 36 37 38 39 40 41 42 43 44 45 46 47 48 49 50 51 52 53 54 55 56 57 58 59 60 61 62 63 64 65 66 67 68 69 70 71 72 73 74 75 76 77 78 79 80 81 82 83 84 85 86 87 88 89 90 91 92 93 94 95 96 97 98 99 100 101 102 103 104 105 106 107 108 109 110 111 112 113 114 115 116 117 118 119 120 
FO: 0.00000
Best time: 0.207
Total time:2.017 


Instance: instances/cvrp120-2-df-3.json
Sol: 1 2 3 4 5 6 7 8 9 10 11 12 13 14 15 16 17 18 19 20 21 22 23 24 25 26 27 28 29 30 31 32 33 34 35 36 37 38 39 40 41 42 43 44 45 46 47 48 49 50 51 52 53 54 55 56 57 58 59 60 61 62 63 64 65 66 67 68 69 70 71 72 73 74 75 76 77 78 79 80 81 82 83 84 85 86 87 88 89 90 91 92 93 94 95 96 97 98 99 100 101 102 103 104 105 106 107 108 109 110 111 112 113 114 115 116 117 118 119 120 
FO: 0.00000
Best time: 0.036
Total time:2.006 


Instance: instances/cvrp120-2-rj-3.json
Sol: 1 2 3 4 5 6 7 8 9 10 11 12 13 14 15 16 17 18 19 20 21 22 23 24 25 26 27 28 29 30 31 32 33 34 35 36 37 38 39 40 41 42 43 44 45 46 47 48 49 50 51 52 53 54 55 56 57 58 59 60 61 62 63 64 65 66 67 68 69 70 71 72 73 74 75 76 77 78 79 80 81 82 83 84 85 86 87 88 89 90 91 92 93 94 95 96 97 98 99 100 101 102 103 104 105 106 107 108 109 110 111 112 113 114 115 116 117 118 119 120 
FO: 0.00000
Best time: 0.295
Total time:2.041 


Instance: instances/cvrp120-3-rj-3.json
Sol: 1 2 3 4 5 6 7 8 9 10 11 12 13 14 15 16 17 18 19 20 21 22 23 24 25 26 27 28 29 30 31 32 33 34 35 36 37 38 39 40 41 42 43 44 45 46 47 48 49 50 51 52 53 54 55 56 57 58 59 60 61 62 63 64 65 66 67 68 69 70 71 72 73 74 75 76 77 78 79 80 81 82 83 84 85 86 87 88 89 90 91 92 93 94 95 96 97 98 99 100 101 102 103 104 105 106 107 108 109 110 111 112 113 114 115 116 117 118 119 120 
FO: 0.00000
Best time: 0.094
Total time:2.002 


Instance: instances/cvrp120-4-rj-3.json
Sol: 1 2 3 4 5 6 7 8 9 10 11 12 13 14 15 16 17 18 19 20 21 22 23 24 25 26 27 28 29 30 31 32 33 34 35 36 37 38 39 40 41 42 43 44 45 46 47 48 49 50 51 52 53 54 55 56 57 58 59 60 61 62 63 64 65 66 67 68 69 70 71 72 73 74 75 76 77 78 79 80 81 82 83 84 85 86 87 88 89 90 91 92 93 94 95 96 97 98 99 100 101 102 103 104 105 106 107 108 109 110 111 112 113 114 115 116 117 118 119 120 
FO: 0.00000
Best time: 0.220
Total time:2.018 


Instance: instances/cvrp120-5-rj-3.json
Sol: 1 2 3 4 5 6 7 8 9 10 11 12 13 14 15 16 17 18 19 20 21 22 23 24 25 26 27 28 29 30 31 32 33 34 35 36 37 38 39 40 41 42 43 44 45 46 47 48 49 50 51 52 53 54 55 56 57 58 59 60 61 62 63 64 65 66 67 68 69 70 71 72 73 74 75 76 77 78 79 80 81 82 83 84 85 86 87 88 89 90 91 92 93 94 95 96 97 98 99 100 101 102 103 104 105 106 107 108 109 110 111 112 113 114 115 116 117 118 119 120 
FO: 0.00000
Best time: 0.100
Total time:2.011 